H 500 300
 0 0 498
 6 0 498
 11 0 498
 15 0 498
 19 0 498
 26 0 498
 30 0 498
 36 0 498
 40 0 498
 46 0 498
 52 0 498
 56 0 498
 61 0 498
 67 0 498
 71 0 498
 77 0 498
 81 0 498
 87 0 498
 92 0 498
 97 0 498
 102 0 498
 108 0 498
 113 0 498
 117 0 498
 121 0 498
 127 0 498
 133 0 498
 138 0 498
 142 0 498
 148 0 498
 154 0 498
 159 0 498
 163 0 498
 169 0 498
 173 0 498
 179 0 498
 184 0 498
 188 0 498
 194 0 498
 199 0 498
 205 0 498
 209 0 498
 215 0 498
 219 0 498
 224 0 498
 230 0 498
 235 0 498
 240 0 498
 244 0 498
 255 0 498
 0 0 498
 6 0 498
 11 0 498
 15 0 498
 19 0 498
 26 0 498
 30 0 498
 36 0 498
 40 0 498
 46 0 498
 52 0 498
 56 0 498
 61 0 498
 67 0 498
 71 0 498
 77 0 498
 81 0 498
 87 0 498
 92 0 498
 97 0 498
 102 0 498
 108 0 498
 113 0 498
 117 0 498
 121 0 498
 127 0 498
 133 0 498
 138 0 498
 142 0 498
 148 0 498
 154 0 498
 159 0 498
 163 0 498
 169 0 498
 173 0 498
 179 0 498
 184 0 498
 188 0 498
 194 0 498
 199 0 498
 205 0 498
 209 0 498
 215 0 498
 219 0 498
 224 0 498
 230 0 498
 235 0 498
 240 0 498
 244 0 498
 255 0 498
 0 0 498
 6 0 498
 11 0 498
 15 0 498
 19 0 498
 26 0 498
 30 0 498
 36 0 498
 40 0 498
 46 0 498
 52 0 498
 56 0 498
 61 0 498
 67 0 498
 71 0 498
 77 0 498
 81 0 498
 87 0 498
 92 0 498
 97 0 498
 102 0 498
 108 0 498
 113 0 498
 117 0 498
 121 0 498
 127 0 498
 133 0 498
 138 0 498
 142 0 498
 148 0 498
 154 0 498
 159 0 498
 163 0 498
 169 0 498
 173 0 498
 179 0 498
 184 0 498
 188 0 498
 194 0 498
 199 0 498
 205 0 498
 209 0 498
 215 0 498
 219 0 498
 224 0 498
 230 0 498
 235 0 498
 240 0 498
 244 0 498
 255 0 498
 0 0 498
 6 0 498
 11 0 498
 15 0 498
 19 0 498
 26 0 498
 30 0 498
 36 0 498
 40 0 498
 46 0 498
 52 0 498
 56 0 498
 61 0 498
 67 0 498
 71 0 498
 77 0 498
 81 0 498
 87 0 498
 92 0 498
 97 0 498
 102 0 498
 108 0 498
 113 0 498
 117 0 498
 121 0 498
 127 0 498
 133 0 498
 138 0 498
 142 0 498
 148 0 498
 154 0 498
 159 0 498
 163 0 498
 169 0 498
 173 0 498
 179 0 498
 184 0 498
 188 0 498
 194 0 498
 199 0 498
 205 0 498
 209 0 498
 215 0 498
 219 0 498
 224 0 498
 230 0 498
 235 0 498
 240 0 498
 244 0 498
 255 0 498
 0 0 498
 6 0 498
 11 0 498
 15 0 498
 19 0 498
 26 0 498
 30 0 498
 36 0 498
 40 0 498
 46 0 498
 52 0 498
 56 0 498
 61 0 498
 67 0 498
 71 0 498
 77 0 498
 81 0 498
 87 0 498
 92 0 498
 97 0 498
 102 0 498
 108 0 498
 113 0 498
 117 0 498
 121 0 498
 127 0 498
 133 0 498
 138 0 498
 142 0 498
 148 0 498
 154 0 498
 159 0 498
 163 0 498
 169 0 498
 173 0 498
 179 0 498
 184 0 498
 188 0 498
 194 0 498
 199 0 498
 205 0 498
 209 0 498
 215 0 498
 219 0 498
 224 0 498
 230 0 498
 235 0 498
 240 0 498
 244 0 498
 255 0 498
 0 0 498
 6 0 498
 11 0 498
 15 0 498
 19 0 498
 26 0 498
 30 0 498
 36 0 498
 40 0 498
 46 0 498
 52 0 498
 56 0 498
 61 0 498
 67 0 498
 71 0 498
 77 0 498
 81 0 498
 87 0 498
 92 0 498
 97 0 498
 102 0 498
 108 0 498
 113 0 498
 117 0 498
 121 0 498
 127 0 498
 133 0 498
 138 0 498
 142 0 498
 148 0 498
 154 0 498
 159 0 498
 163 0 498
 169 0 498
 173 0 498
 179 0 498
 184 0 498
 188 0 498
 194 0 498
 199 0 498
 205 0 498
 209 0 498
 215 0 498
 219 0 498
 224 0 498
 230 0 498
 235 0 498
 240 0 498
 244 0 498