V 656 1188
 255 0 654
 255 0 654
 255 0 654
 255 0 654
 255 0 654
 255 0 654
 255 0 654
 255 0 654
 255 0 654
 255 0 654
 255 0 654
 255 0 654
 255 0 654
 255 0 654
 255 0 654
 255 0 654
 255 0 654
 255 0 654
 255 0 654
 255 0 654
 255 0 654
 255 0 654
 255 0 654
 255 0 654
 255 0 654
 255 0 654
 255 0 654
 255 0 654
 255 0 654
 255 0 654
 255 0 654
 255 0 654
 255 0 654
 255 0 654
 255 0 654
 255 0 654
 255 0 654
 255 0 654
 255 0 654
 255 0 654
 255 0 654
 255 0 654
 255 0 654
 255 0 654
 255 0 654
 255 0 654
 255 0 654
 255 0 654
 255 0 654
 255 0 654
 255 0 654
 255 0 654
 255 0 654
 255 0 654
 255 0 654
 255 0 654
 255 0 654
 255 0 654
 255 0 654
 255 0 654
 255 0 654
 255 0 654
 255 0 654
 255 0 654
 255 0 654
 255 0 654
 255 0 654
 255 0 654
 255 0 654
 255 0 654
 255 0 654
 255 0 654
 255 0 654
 255 0 654
 255 0 654
 255 0 654
 255 0 654
 255 0 654
 255 0 654
 255 0 654
 255 0 654
 255 0 654
 255 0 654
 255 0 654
 255 0 654
 255 0 654
 255 0 654
 255 0 654
 255 0 654
 255 0 654
 255 0 654
 255 0 654
 255 0 654
 255 0 654
 255 0 654
 255 0 654
 255 0 654
 255 0 654
 255 0 654
 255 0 654
 255 0 654
 255 0 654
 255 0 654
 255 0 654
 255 0 654
 255 0 654
 255 0 654
 255 0 654
 255 0 654
 255 0 654
 255 0 654
 255 0 654
 255 0 654
 255 0 654
 255 0 654
 255 0 654
 255 0 654
 255 0 654
 255 0 654
 255 0 654
 255 0 654
 255 0 654
 255 0 654
 255 0 654
 255 0 654
 255 0 654
 255 0 654
 255 0 654
 255 0 654
 255 0 654
 255 0 654
 255 0 654
 255 0 654
 255 0 654
 255 0 654
 255 0 654
 255 0 654
 255 0 654
 255 0 654
 255 0 654
 254 0 654
 254 0 654
 251 0 654
 228 0 654
 226 0 654
 226 0 654
 227 0 654
 227 0 654
 227 0 654
 227 0 654
 227 0 654
 227 0 654
 227 0 654
 227 0 654
 227 0 654
 227 0 654
 227 0 654
 227 0 654
 227 0 654
 227 0 654
 227 0 654
 227 0 654
 227 0 654
 227 0 654
 227 0 654
 227 0 654
 227 0 654
 227 0 654
 227 0 654
 227 0 654
 227 0 654
 227 0 654
 227 0 654
 227 0 654
 227 0 654
 227 0 654
 227 0 654
 227 0 654
 227 0 654
 227 0 654
 227 0 654
 227 0 654
 227 0 654
 227 0 654
 227 0 654
 227 0 654
 227 0 654
 227 0 654
 227 0 654
 227 0 654
 227 0 654
 227 0 654
 227 0 654
 227 0 654
 227 0 654
 227 0 654
 227 0 654
 227 0 654
 227 0 654
 227 0 654
 227 0 654
 227 0 654
 227 0 654
 227 0 654
 227 0 654
 227 0 654
 227 0 654
 227 0 654
 227 0 654
 227 0 654
 227 0 654
 227 0 654
 227 0 654
 227 0 654
 227 0 654
 227 0 654
 227 0 654
 227 0 654
 227 0 654
 227 0 654
 227 0 654
 227 0 654
 227 0 654
 227 0 654
 227 0 654
 227 0 654
 227 0 654
 227 0 654
 227 0 654
 227 0 654
 227 0 654
 227 0 654
 227 0 654
 227 0 654
 227 0 654
 227 0 654
 227 0 654
 227 0 654
 227 0 654
 227 0 654
 227 0 654
 227 0 654
 227 0 654
 227 0 654
 227 0 654
 227 0 654
 227 0 654
 227 0 654
 227 0 654
 227 0 654
 227 0 654
 227 0 654
 227 0 654
 227 0 654
 227 0 654
 227 0 654
 227 0 654
 227 0 654
 227 0 654
 227 0 654
 227 0 654
 227 0 654
 227 0 654
 227 0 654
 227 0 654
 227 0 654
 227 0 654
 227 0 654
 227 0 654
 227 0 654
 227 0 654
 227 0 654
 227 0 654
 227 0 654
 227 0 654
 227 0 654
 227 0 654
 227 0 654
 227 0 654
 227 0 654
 227 0 654
 227 0 654
 227 0 654
 227 0 654
 227 0 654
 227 0 654
 227 0 654
 227 0 654
 227 0 654
 227 0 654
 227 0 654
 226 0 654
 226 0 654
 222 0 654
 180 0 654
 178 0 654
 177 0 654
 177 0 654
 177 0 654
 177 0 654
 177 0 654
 177 0 654
 177 0 654
 177 0 654
 177 0 654
 177 0 654
 177 0 654
 177 0 654
 177 0 654
 177 0 654
 177 0 654
 177 0 654
 177 0 654
 177 0 654
 177 0 654
 177 0 654
 177 0 654
 177 0 654
 177 0 654
 177 0 654
 177 0 654
 177 0 654
 177 0 654
 177 0 654
 177 0 654
 177 0 654
 177 0 654
 177 0 654
 177 0 654
 177 0 654
 177 0 654
 177 0 654
 177 0 654
 177 0 654
 177 0 654
 177 0 654
 177 0 654
 177 0 654
 177 0 654
 177 0 654
 177 0 654
 177 0 654
 177 0 654
 177 0 654
 177 0 654
 177 0 654
 177 0 654
 177 0 654
 177 0 654
 177 0 654
 177 0 654
 177 0 654
 177 0 654
 177 0 654
 177 0 654
 177 0 654
 177 0 654
 177 0 654
 177 0 654
 177 0 654
 177 0 654
 177 0 654
 177 0 654
 177 0 654
 177 0 654
 177 0 654
 177 0 654
 177 0 654
 177 0 654
 177 0 654
 177 0 654
 177 0 654
 177 0 654
 177 0 654
 177 0 654
 177 0 654
 177 0 654
 177 0 654
 177 0 654
 177 0 654
 177 0 654
 177 0 654
 177 0 654
 177 0 654
 177 0 654
 177 0 654
 177 0 654
 177 0 654
 177 0 654
 177 0 654
 177 0 654
 177 0 654
 177 0 654
 177 0 654
 177 0 654
 177 0 654
 177 0 654
 177 0 654
 177 0 654
 177 0 654
 177 0 654
 177 0 654
 177 0 654
 177 0 654
 177 0 654
 177 0 654
 177 0 654
 177 0 654
 177 0 654
 177 0 654
 177 0 654
 177 0 654
 177 0 654
 177 0 654
 177 0 654
 177 0 654
 177 0 654
 177 0 654
 177 0 654
 177 0 654
 177 0 654
 177 0 654
 177 0 654
 177 0 654
 177 0 654
 177 0 654
 177 0 654
 177 0 654
 177 0 654
 177 0 654
 177 0 654
 177 0 654
 177 0 654
 177 0 654
 177 0 654
 177 0 654
 177 0 654
 177 0 654
 177 0 654
 177 0 654
 177 0 654
 177 0 654
 177 0 654
 177 0 654
 175 0 654
 152 0 654
 151 0 654
 150 0 654
 150 0 654
 150 0 654
 150 0 654
 150 0 654
 150 0 654
 150 0 654
 150 0 654
 150 0 654
 150 0 654
 150 0 654
 150 0 654
 150 0 654
 150 0 654
 150 0 654
 150 0 654
 150 0 654
 150 0 654
 150 0 654
 150 0 654
 150 0 654
 150 0 654
 150 0 654
 150 0 654
 150 0 654
 150 0 654
 150 0 654
 150 0 654
 150 0 654
 150 0 654
 150 0 654
 150 0 654
 150 0 654
 150 0 654
 150 0 654
 150 0 654
 150 0 654
 150 0 654
 150 0 654
 150 0 654
 150 0 654
 150 0 654
 150 0 654
 150 0 654
 150 0 654
 150 0 654
 150 0 654
 150 0 654
 150 0 654
 150 0 654
 150 0 654
 150 0 654
 150 0 654
 150 0 654
 150 0 654
 150 0 654
 150 0 654
 150 0 654
 150 0 654
 150 0 654
 150 0 654
 150 0 654
 150 0 654
 150 0 654
 150 0 654
 150 0 654
 150 0 654
 150 0 654
 150 0 654
 150 0 654
 150 0 654
 150 0 654
 150 0 654
 150 0 654
 150 0 654
 150 0 654
 150 0 654
 150 0 654
 150 0 654
 150 0 654
 150 0 654
 150 0 654
 150 0 654
 150 0 654
 150 0 654
 150 0 654
 150 0 654
 150 0 654
 150 0 654
 150 0 654
 150 0 654
 150 0 654
 150 0 654
 150 0 654
 150 0 654
 150 0 654
 150 0 654
 150 0 654
 150 0 654
 150 0 654
 150 0 654
 150 0 654
 150 0 654
 150 0 654
 150 0 654
 150 0 654
 150 0 654
 150 0 654
 150 0 654
 150 0 654
 150 0 654
 150 0 654
 150 0 654
 150 0 654
 150 0 654
 150 0 654
 150 0 654
 150 0 654
 150 0 654
 150 0 654
 150 0 654
 150 0 654
 150 0 654
 150 0 654
 150 0 654
 150 0 654
 150 0 654
 150 0 654
 150 0 654
 150 0 654
 150 0 654
 150 0 654
 150 0 654
 150 0 654
 150 0 654
 150 0 654
 150 0 654
 150 0 654
 150 0 654
 150 0 654
 150 0 654
 150 0 654
 150 0 654
 150 0 654
 150 0 654
 150 0 654
 150 0 654
 151 0 654
 160 0 654
 94 0 654
 104 0 654
 104 0 654
 104 0 654
 104 0 654
 104 0 654
 104 0 654
 104 0 654
 104 0 654
 104 0 654
 104 0 654
 104 0 654
 104 0 654
 104 0 654
 104 0 654
 104 0 654
 104 0 654
 104 0 654
 104 0 654
 104 0 654
 104 0 654
 104 0 654
 104 0 654
 104 0 654
 104 0 654
 104 0 654
 104 0 654
 104 0 654
 104 0 654
 104 0 654
 104 0 654
 104 0 654
 104 0 654
 104 0 654
 104 0 654
 104 0 654
 104 0 654
 104 0 654
 104 0 654
 104 0 654
 104 0 654
 104 0 654
 104 0 654
 104 0 654
 104 0 654
 104 0 654
 104 0 654
 104 0 654
 104 0 654
 104 0 654
 104 0 654
 104 0 654
 104 0 654
 104 0 654
 104 0 654
 104 0 654
 104 0 654
 104 0 654
 104 0 654
 104 0 654
 104 0 654
 104 0 654
 104 0 654
 104 0 654
 104 0 654
 104 0 654
 104 0 654
 104 0 654
 104 0 654
 104 0 654
 104 0 654
 104 0 654
 104 0 654
 104 0 654
 104 0 654
 104 0 654
 104 0 654
 104 0 654
 104 0 654
 104 0 654
 104 0 654
 104 0 654
 104 0 654
 104 0 654
 104 0 654
 104 0 654
 104 0 654
 104 0 654
 104 0 654
 104 0 654
 104 0 654
 104 0 654
 104 0 654
 104 0 654
 104 0 654
 104 0 654
 104 0 654
 104 0 654
 104 0 654
 104 0 654
 104 0 654
 104 0 654
 104 0 654
 104 0 654
 104 0 654
 104 0 654
 104 0 654
 104 0 654
 104 0 654
 104 0 654
 104 0 654
 104 0 654
 104 0 654
 104 0 654
 104 0 654
 104 0 654
 104 0 654
 104 0 654
 104 0 654
 104 0 654
 104 0 654
 104 0 654
 104 0 654
 104 0 654
 104 0 654
 104 0 654
 104 0 654
 104 0 654
 104 0 654
 104 0 654
 104 0 654
 104 0 654
 104 0 654
 104 0 654
 104 0 654
 104 0 654
 104 0 654
 104 0 654
 104 0 654
 104 0 654
 104 0 654
 104 0 654
 104 0 654
 104 0 654
 104 0 654
 104 0 654
 104 0 654
 104 0 654
 104 0 654
 104 0 654
 101 0 654
 80 0 654
 77 0 654
 76 0 654
 76 0 654
 76 0 654
 76 0 654
 76 0 654
 76 0 654
 76 0 654
 76 0 654
 76 0 654
 76 0 654
 76 0 654
 76 0 654
 76 0 654
 76 0 654
 76 0 654
 76 0 654
 76 0 654
 76 0 654
 76 0 654
 76 0 654
 76 0 654
 76 0 654
 76 0 654
 76 0 654
 76 0 654
 76 0 654
 76 0 654
 76 0 654
 76 0 654
 76 0 654
 76 0 654
 76 0 654
 76 0 654
 76 0 654
 76 0 654
 76 0 654
 76 0 654
 76 0 654
 76 0 654
 76 0 654
 76 0 654
 76 0 654
 76 0 654
 76 0 654
 76 0 654
 76 0 654
 76 0 654
 76 0 654
 76 0 654
 76 0 654
 76 0 654
 76 0 654
 76 0 654
 76 0 654
 76 0 654
 76 0 654
 76 0 654
 76 0 654
 76 0 654
 76 0 654
 76 0 654
 76 0 654
 76 0 654
 76 0 654
 76 0 654
 76 0 654
 76 0 654
 76 0 654
 76 0 654
 76 0 654
 76 0 654
 76 0 654
 76 0 654
 76 0 654
 76 0 654
 76 0 654
 76 0 654
 76 0 654
 76 0 654
 76 0 654
 76 0 654
 76 0 654
 76 0 654
 76 0 654
 76 0 654
 76 0 654
 76 0 654
 76 0 654
 76 0 654
 76 0 654
 76 0 654
 76 0 654
 76 0 654
 76 0 654
 76 0 654
 76 0 654
 76 0 654
 76 0 654
 76 0 654
 76 0 654
 76 0 654
 76 0 654
 76 0 654
 76 0 654
 76 0 654
 76 0 654
 76 0 654
 76 0 654
 76 0 654
 76 0 654
 76 0 654
 76 0 654
 76 0 654
 76 0 654
 76 0 654
 76 0 654
 76 0 654
 76 0 654
 76 0 654
 76 0 654
 76 0 654
 76 0 654
 76 0 654
 76 0 654
 76 0 654
 76 0 654
 76 0 654
 76 0 654
 76 0 654
 76 0 654
 76 0 654
 76 0 654
 76 0 654
 76 0 654
 76 0 654
 76 0 654
 76 0 654
 76 0 654
 76 0 654
 76 0 654
 76 0 654
 76 0 654
 76 0 654
 76 0 654
 76 0 654
 76 0 654
 76 0 654
 77 0 654
 75 0 654
 33 0 654
 29 0 654
 28 0 654
 28 0 654
 28 0 654
 28 0 654
 28 0 654
 28 0 654
 28 0 654
 28 0 654
 28 0 654
 28 0 654
 28 0 654
 28 0 654
 28 0 654
 28 0 654
 28 0 654
 28 0 654
 28 0 654
 28 0 654
 28 0 654
 28 0 654
 28 0 654
 28 0 654
 28 0 654
 28 0 654
 28 0 654
 28 0 654
 28 0 654
 28 0 654
 28 0 654
 28 0 654
 28 0 654
 28 0 654
 28 0 654
 28 0 654
 28 0 654
 28 0 654
 28 0 654
 28 0 654
 28 0 654
 28 0 654
 28 0 654
 28 0 654
 28 0 654
 28 0 654
 28 0 654
 28 0 654
 28 0 654
 28 0 654
 28 0 654
 28 0 654
 28 0 654
 28 0 654
 28 0 654
 28 0 654
 28 0 654
 28 0 654
 28 0 654
 28 0 654
 28 0 654
 28 0 654
 28 0 654
 28 0 654
 28 0 654
 28 0 654
 28 0 654
 28 0 654
 28 0 654
 28 0 654
 28 0 654
 28 0 654
 28 0 654
 28 0 654
 28 0 654
 28 0 654
 28 0 654
 28 0 654
 28 0 654
 28 0 654
 28 0 654
 28 0 654
 28 0 654
 28 0 654
 28 0 654
 28 0 654
 28 0 654
 28 0 654
 28 0 654
 28 0 654
 28 0 654
 28 0 654
 28 0 654
 28 0 654
 28 0 654
 28 0 654
 28 0 654
 28 0 654
 28 0 654
 28 0 654
 28 0 654
 28 0 654
 28 0 654
 28 0 654
 28 0 654
 28 0 654
 28 0 654
 28 0 654
 28 0 654
 28 0 654
 28 0 654
 28 0 654
 28 0 654
 28 0 654
 28 0 654
 28 0 654
 28 0 654
 28 0 654
 28 0 654
 28 0 654
 28 0 654
 28 0 654
 28 0 654
 28 0 654
 28 0 654
 28 0 654
 28 0 654
 28 0 654
 28 0 654
 28 0 654
 28 0 654
 28 0 654
 28 0 654
 28 0 654
 28 0 654
 28 0 654
 28 0 654
 28 0 654
 28 0 654
 28 0 654
 28 0 654
 28 0 654
 28 0 654
 28 0 654
 28 0 654
 28 0 654
 28 0 654
 28 0 654
 28 0 654
 28 0 654
 26 0 654
 4 0 654
 0 0 654
 0 0 654
 0 0 654
 0 0 654
 0 0 654
 0 0 654
 0 0 654
 0 0 654
 0 0 654
 0 0 654
 0 0 654
 0 0 654
 0 0 654
 0 0 654
 0 0 654
 0 0 654
 0 0 654
 0 0 654
 0 0 654
 0 0 654
 0 0 654
 0 0 654
 0 0 654
 0 0 654
 0 0 654
 0 0 654
 0 0 654
 0 0 654
 0 0 654
 0 0 654
 0 0 654
 0 0 654
 0 0 654
 0 0 654
 0 0 654
 0 0 654
 0 0 654
 0 0 654
 0 0 654
 0 0 654
 0 0 654
 0 0 654
 0 0 654
 0 0 654
 0 0 654
 0 0 654
 0 0 654
 0 0 654
 0 0 654
 0 0 654
 0 0 654
 0 0 654
 0 0 654
 0 0 654
 0 0 654
 0 0 654
 0 0 654
 0 0 654
 0 0 654
 0 0 654
 0 0 654
 0 0 654
 0 0 654
 0 0 654
 0 0 654
 0 0 654
 0 0 654
 0 0 654
 0 0 654
 0 0 654
 0 0 654
 0 0 654
 0 0 654
 0 0 654
 0 0 654
 0 0 654
 0 0 654
 0 0 654
 0 0 654
 0 0 654
 0 0 654
 0 0 654
 0 0 654
 0 0 654
 0 0 654
 0 0 654
 0 0 654
 0 0 654
 0 0 654
 0 0 654
 0 0 654
 0 0 654
 0 0 654
 0 0 654
 0 0 654
 0 0 654
 0 0 654
 0 0 654
 0 0 654
 0 0 654
 0 0 654
 0 0 654
 0 0 654
 0 0 654
 0 0 654
 0 0 654
 0 0 654
 0 0 654
 0 0 654
 0 0 654
 0 0 654
 0 0 654
 0 0 654
 0 0 654
 0 0 654
 0 0 654
 0 0 654
 0 0 654
 0 0 654
 0 0 654
 0 0 654
 0 0 654
 0 0 654
 0 0 654
 0 0 654
 0 0 654
 0 0 654
 0 0 654
 0 0 654
 0 0 654
 0 0 654
 0 0 654
 0 0 654
 0 0 654
 0 0 654
 0 0 654
 0 0 654